solid tet_mesh
facet normal 0 0 0
    outer loop
        vertex 0.0 0.0 0.0
        vertex 0.02372237143447794 0.025590145065156958 -0.004558506728907776
        vertex 0.022071321209623778 -0.0005596740771220166 -0.005838918489573152
    endloop
endfacet
facet normal 0 0 0
    outer loop
        vertex 0.02372237143447794 0.025590145065156958 -0.004558506728907776
        vertex 0.026205672486745064 0.00020498638716718565 0.01967115482295916
        vertex 0.022071321209623778 -0.0005596740771220166 -0.005838918489573152
    endloop
endfacet
facet normal 0 0 0
    outer loop
        vertex 0.02372237143447794 0.025590145065156958 -0.004558506728907776
        vertex 0.0 0.0 0.0
        vertex 0.026205672486745064 0.00020498638716718565 0.01967115482295916
    endloop
endfacet
facet normal 0 0 0
    outer loop
        vertex 0.0 0.0 0.0
        vertex 0.022071321209623778 -0.0005596740771220166 -0.005838918489573152
        vertex 0.026205672486745064 0.00020498638716718565 0.01967115482295916
    endloop
endfacet
facet normal 0 0 0
    outer loop
        vertex 0.0 0.0 0.0
        vertex 0.0 0.0 0.025
        vertex 0.0 0.025 0.025
    endloop
endfacet
facet normal 0 0 0
    outer loop
        vertex 0.0 0.0 0.025
        vertex 0.026205672486745064 0.00020498638716718565 0.01967115482295916
        vertex 0.0 0.025 0.025
    endloop
endfacet
facet normal 0 0 0
    outer loop
        vertex 0.0 0.0 0.025
        vertex 0.0 0.0 0.0
        vertex 0.026205672486745064 0.00020498638716718565 0.01967115482295916
    endloop
endfacet
facet normal 0 0 0
    outer loop
        vertex 0.0 0.0 0.0
        vertex 0.0 0.025 0.025
        vertex 0.026205672486745064 0.00020498638716718565 0.01967115482295916
    endloop
endfacet
facet normal 0 0 0
    outer loop
        vertex 0.0 0.0 0.0
        vertex 0.02372237143447794 0.025590145065156958 -0.004558506728907776
        vertex 0.026205672486745064 0.00020498638716718565 0.01967115482295916
    endloop
endfacet
facet normal 0 0 0
    outer loop
        vertex 0.02372237143447794 0.025590145065156958 -0.004558506728907776
        vertex 0.0 0.025 0.025
        vertex 0.026205672486745064 0.00020498638716718565 0.01967115482295916
    endloop
endfacet
facet normal 0 0 0
    outer loop
        vertex 0.02372237143447794 0.025590145065156958 -0.004558506728907776
        vertex 0.0 0.0 0.0
        vertex 0.0 0.025 0.025
    endloop
endfacet
facet normal 0 0 0
    outer loop
        vertex 0.0 0.0 0.0
        vertex 0.026205672486745064 0.00020498638716718565 0.01967115482295916
        vertex 0.0 0.025 0.025
    endloop
endfacet
facet normal 0 0 0
    outer loop
        vertex 0.02372237143447794 0.025590145065156958 -0.004558506728907776
        vertex 0.027753614958309757 0.023514128979173703 0.019299080008861866
        vertex 0.026205672486745064 0.00020498638716718565 0.01967115482295916
    endloop
endfacet
facet normal 0 0 0
    outer loop
        vertex 0.027753614958309757 0.023514128979173703 0.019299080008861866
        vertex 0.0 0.025 0.025
        vertex 0.026205672486745064 0.00020498638716718565 0.01967115482295916
    endloop
endfacet
facet normal 0 0 0
    outer loop
        vertex 0.027753614958309757 0.023514128979173703 0.019299080008861866
        vertex 0.02372237143447794 0.025590145065156958 -0.004558506728907776
        vertex 0.0 0.025 0.025
    endloop
endfacet
facet normal 0 0 0
    outer loop
        vertex 0.02372237143447794 0.025590145065156958 -0.004558506728907776
        vertex 0.026205672486745064 0.00020498638716718565 0.01967115482295916
        vertex 0.0 0.025 0.025
    endloop
endfacet
facet normal 0 0 0
    outer loop
        vertex 0.0 0.0 0.0
        vertex 0.0 0.025 0.025
        vertex 0.0 0.025 0.0
    endloop
endfacet
facet normal 0 0 0
    outer loop
        vertex 0.0 0.025 0.025
        vertex 0.02372237143447794 0.025590145065156958 -0.004558506728907776
        vertex 0.0 0.025 0.0
    endloop
endfacet
facet normal 0 0 0
    outer loop
        vertex 0.0 0.025 0.025
        vertex 0.0 0.0 0.0
        vertex 0.02372237143447794 0.025590145065156958 -0.004558506728907776
    endloop
endfacet
facet normal 0 0 0
    outer loop
        vertex 0.0 0.0 0.0
        vertex 0.0 0.025 0.0
        vertex 0.02372237143447794 0.025590145065156958 -0.004558506728907776
    endloop
endfacet
facet normal 0 0 0
    outer loop
        vertex 0.022071321209623778 -0.0005596740771220166 -0.005838918489573152
        vertex 0.04682027255892651 0.023871364213528933 -0.012133620708591829
        vertex 0.045152824153128455 -0.001318792778620195 -0.013136848546243515
    endloop
endfacet
facet normal 0 0 0
    outer loop
        vertex 0.04682027255892651 0.023871364213528933 -0.012133620708591829
        vertex 0.051412952772652426 -0.0018281767244120238 0.011622767993686807
        vertex 0.045152824153128455 -0.001318792778620195 -0.013136848546243515
    endloop
endfacet
facet normal 0 0 0
    outer loop
        vertex 0.04682027255892651 0.023871364213528933 -0.012133620708591829
        vertex 0.022071321209623778 -0.0005596740771220166 -0.005838918489573152
        vertex 0.051412952772652426 -0.0018281767244120238 0.011622767993686807
    endloop
endfacet
facet normal 0 0 0
    outer loop
        vertex 0.022071321209623778 -0.0005596740771220166 -0.005838918489573152
        vertex 0.045152824153128455 -0.001318792778620195 -0.013136848546243515
        vertex 0.051412952772652426 -0.0018281767244120238 0.011622767993686807
    endloop
endfacet
facet normal 0 0 0
    outer loop
        vertex 0.022071321209623778 -0.0005596740771220166 -0.005838918489573152
        vertex 0.026205672486745064 0.00020498638716718565 0.01967115482295916
        vertex 0.027753614958309757 0.023514128979173703 0.019299080008861866
    endloop
endfacet
facet normal 0 0 0
    outer loop
        vertex 0.026205672486745064 0.00020498638716718565 0.01967115482295916
        vertex 0.051412952772652426 -0.0018281767244120238 0.011622767993686807
        vertex 0.027753614958309757 0.023514128979173703 0.019299080008861866
    endloop
endfacet
facet normal 0 0 0
    outer loop
        vertex 0.026205672486745064 0.00020498638716718565 0.01967115482295916
        vertex 0.022071321209623778 -0.0005596740771220166 -0.005838918489573152
        vertex 0.051412952772652426 -0.0018281767244120238 0.011622767993686807
    endloop
endfacet
facet normal 0 0 0
    outer loop
        vertex 0.022071321209623778 -0.0005596740771220166 -0.005838918489573152
        vertex 0.027753614958309757 0.023514128979173703 0.019299080008861866
        vertex 0.051412952772652426 -0.0018281767244120238 0.011622767993686807
    endloop
endfacet
facet normal 0 0 0
    outer loop
        vertex 0.022071321209623778 -0.0005596740771220166 -0.005838918489573152
        vertex 0.04682027255892651 0.023871364213528933 -0.012133620708591829
        vertex 0.051412952772652426 -0.0018281767244120238 0.011622767993686807
    endloop
endfacet
facet normal 0 0 0
    outer loop
        vertex 0.04682027255892651 0.023871364213528933 -0.012133620708591829
        vertex 0.027753614958309757 0.023514128979173703 0.019299080008861866
        vertex 0.051412952772652426 -0.0018281767244120238 0.011622767993686807
    endloop
endfacet
facet normal 0 0 0
    outer loop
        vertex 0.04682027255892651 0.023871364213528933 -0.012133620708591829
        vertex 0.022071321209623778 -0.0005596740771220166 -0.005838918489573152
        vertex 0.027753614958309757 0.023514128979173703 0.019299080008861866
    endloop
endfacet
facet normal 0 0 0
    outer loop
        vertex 0.022071321209623778 -0.0005596740771220166 -0.005838918489573152
        vertex 0.051412952772652426 -0.0018281767244120238 0.011622767993686807
        vertex 0.027753614958309757 0.023514128979173703 0.019299080008861866
    endloop
endfacet
facet normal 0 0 0
    outer loop
        vertex 0.04682027255892651 0.023871364213528933 -0.012133620708591829
        vertex 0.05287630054965247 0.022470466674332588 0.011795936243522182
        vertex 0.051412952772652426 -0.0018281767244120238 0.011622767993686807
    endloop
endfacet
facet normal 0 0 0
    outer loop
        vertex 0.05287630054965247 0.022470466674332588 0.011795936243522182
        vertex 0.027753614958309757 0.023514128979173703 0.019299080008861866
        vertex 0.051412952772652426 -0.0018281767244120238 0.011622767993686807
    endloop
endfacet
facet normal 0 0 0
    outer loop
        vertex 0.05287630054965247 0.022470466674332588 0.011795936243522182
        vertex 0.04682027255892651 0.023871364213528933 -0.012133620708591829
        vertex 0.027753614958309757 0.023514128979173703 0.019299080008861866
    endloop
endfacet
facet normal 0 0 0
    outer loop
        vertex 0.04682027255892651 0.023871364213528933 -0.012133620708591829
        vertex 0.051412952772652426 -0.0018281767244120238 0.011622767993686807
        vertex 0.027753614958309757 0.023514128979173703 0.019299080008861866
    endloop
endfacet
facet normal 0 0 0
    outer loop
        vertex 0.022071321209623778 -0.0005596740771220166 -0.005838918489573152
        vertex 0.027753614958309757 0.023514128979173703 0.019299080008861866
        vertex 0.02372237143447794 0.025590145065156958 -0.004558506728907776
    endloop
endfacet
facet normal 0 0 0
    outer loop
        vertex 0.027753614958309757 0.023514128979173703 0.019299080008861866
        vertex 0.04682027255892651 0.023871364213528933 -0.012133620708591829
        vertex 0.02372237143447794 0.025590145065156958 -0.004558506728907776
    endloop
endfacet
facet normal 0 0 0
    outer loop
        vertex 0.027753614958309757 0.023514128979173703 0.019299080008861866
        vertex 0.022071321209623778 -0.0005596740771220166 -0.005838918489573152
        vertex 0.04682027255892651 0.023871364213528933 -0.012133620708591829
    endloop
endfacet
facet normal 0 0 0
    outer loop
        vertex 0.022071321209623778 -0.0005596740771220166 -0.005838918489573152
        vertex 0.02372237143447794 0.025590145065156958 -0.004558506728907776
        vertex 0.04682027255892651 0.023871364213528933 -0.012133620708591829
    endloop
endfacet
facet normal 0 0 0
    outer loop
        vertex 0.045152824153128455 -0.001318792778620195 -0.013136848546243515
        vertex 0.07050807020905146 0.02232582095750898 -0.01973205321931142
        vertex 0.06871815919114752 -0.002314891575342312 -0.02076583931372957
    endloop
endfacet
facet normal 0 0 0
    outer loop
        vertex 0.07050807020905146 0.02232582095750898 -0.01973205321931142
        vertex 0.07545463787710394 -0.003496441805060316 0.003909296188704822
        vertex 0.06871815919114752 -0.002314891575342312 -0.02076583931372957
    endloop
endfacet
facet normal 0 0 0
    outer loop
        vertex 0.07050807020905146 0.02232582095750898 -0.01973205321931142
        vertex 0.045152824153128455 -0.001318792778620195 -0.013136848546243515
        vertex 0.07545463787710394 -0.003496441805060316 0.003909296188704822
    endloop
endfacet
facet normal 0 0 0
    outer loop
        vertex 0.045152824153128455 -0.001318792778620195 -0.013136848546243515
        vertex 0.06871815919114752 -0.002314891575342312 -0.02076583931372957
        vertex 0.07545463787710394 -0.003496441805060316 0.003909296188704822
    endloop
endfacet
facet normal 0 0 0
    outer loop
        vertex 0.045152824153128455 -0.001318792778620195 -0.013136848546243515
        vertex 0.051412952772652426 -0.0018281767244120238 0.011622767993686807
        vertex 0.05287630054965247 0.022470466674332588 0.011795936243522182
    endloop
endfacet
facet normal 0 0 0
    outer loop
        vertex 0.051412952772652426 -0.0018281767244120238 0.011622767993686807
        vertex 0.07545463787710394 -0.003496441805060316 0.003909296188704822
        vertex 0.05287630054965247 0.022470466674332588 0.011795936243522182
    endloop
endfacet
facet normal 0 0 0
    outer loop
        vertex 0.051412952772652426 -0.0018281767244120238 0.011622767993686807
        vertex 0.045152824153128455 -0.001318792778620195 -0.013136848546243515
        vertex 0.07545463787710394 -0.003496441805060316 0.003909296188704822
    endloop
endfacet
facet normal 0 0 0
    outer loop
        vertex 0.045152824153128455 -0.001318792778620195 -0.013136848546243515
        vertex 0.05287630054965247 0.022470466674332588 0.011795936243522182
        vertex 0.07545463787710394 -0.003496441805060316 0.003909296188704822
    endloop
endfacet
facet normal 0 0 0
    outer loop
        vertex 0.045152824153128455 -0.001318792778620195 -0.013136848546243515
        vertex 0.07050807020905146 0.02232582095750898 -0.01973205321931142
        vertex 0.07545463787710394 -0.003496441805060316 0.003909296188704822
    endloop
endfacet
facet normal 0 0 0
    outer loop
        vertex 0.07050807020905146 0.02232582095750898 -0.01973205321931142
        vertex 0.05287630054965247 0.022470466674332588 0.011795936243522182
        vertex 0.07545463787710394 -0.003496441805060316 0.003909296188704822
    endloop
endfacet
facet normal 0 0 0
    outer loop
        vertex 0.07050807020905146 0.02232582095750898 -0.01973205321931142
        vertex 0.045152824153128455 -0.001318792778620195 -0.013136848546243515
        vertex 0.05287630054965247 0.022470466674332588 0.011795936243522182
    endloop
endfacet
facet normal 0 0 0
    outer loop
        vertex 0.045152824153128455 -0.001318792778620195 -0.013136848546243515
        vertex 0.07545463787710394 -0.003496441805060316 0.003909296188704822
        vertex 0.05287630054965247 0.022470466674332588 0.011795936243522182
    endloop
endfacet
facet normal 0 0 0
    outer loop
        vertex 0.07050807020905146 0.02232582095750898 -0.01973205321931142
        vertex 0.0769224433684555 0.021223243078773223 0.004575400524745626
        vertex 0.07545463787710394 -0.003496441805060316 0.003909296188704822
    endloop
endfacet
facet normal 0 0 0
    outer loop
        vertex 0.0769224433684555 0.021223243078773223 0.004575400524745626
        vertex 0.05287630054965247 0.022470466674332588 0.011795936243522182
        vertex 0.07545463787710394 -0.003496441805060316 0.003909296188704822
    endloop
endfacet
facet normal 0 0 0
    outer loop
        vertex 0.0769224433684555 0.021223243078773223 0.004575400524745626
        vertex 0.07050807020905146 0.02232582095750898 -0.01973205321931142
        vertex 0.05287630054965247 0.022470466674332588 0.011795936243522182
    endloop
endfacet
facet normal 0 0 0
    outer loop
        vertex 0.07050807020905146 0.02232582095750898 -0.01973205321931142
        vertex 0.07545463787710394 -0.003496441805060316 0.003909296188704822
        vertex 0.05287630054965247 0.022470466674332588 0.011795936243522182
    endloop
endfacet
facet normal 0 0 0
    outer loop
        vertex 0.045152824153128455 -0.001318792778620195 -0.013136848546243515
        vertex 0.05287630054965247 0.022470466674332588 0.011795936243522182
        vertex 0.04682027255892651 0.023871364213528933 -0.012133620708591829
    endloop
endfacet
facet normal 0 0 0
    outer loop
        vertex 0.05287630054965247 0.022470466674332588 0.011795936243522182
        vertex 0.07050807020905146 0.02232582095750898 -0.01973205321931142
        vertex 0.04682027255892651 0.023871364213528933 -0.012133620708591829
    endloop
endfacet
facet normal 0 0 0
    outer loop
        vertex 0.05287630054965247 0.022470466674332588 0.011795936243522182
        vertex 0.045152824153128455 -0.001318792778620195 -0.013136848546243515
        vertex 0.07050807020905146 0.02232582095750898 -0.01973205321931142
    endloop
endfacet
facet normal 0 0 0
    outer loop
        vertex 0.045152824153128455 -0.001318792778620195 -0.013136848546243515
        vertex 0.04682027255892651 0.023871364213528933 -0.012133620708591829
        vertex 0.07050807020905146 0.02232582095750898 -0.01973205321931142
    endloop
endfacet
endsolid