solid tet_mesh
facet normal 0 0 0
    outer loop
        vertex 0.0 0.0 0.0
        vertex 0.0235806129039118 0.025453169693483334 -0.00521963291805859
        vertex 0.0219440547450888 -0.001057470755182516 -0.006055285212381475
    endloop
endfacet
facet normal 0 0 0
    outer loop
        vertex 0.0235806129039118 0.025453169693483334 -0.00521963291805859
        vertex 0.026355090426223683 0.0004839416045364275 0.01991599849570032
        vertex 0.0219440547450888 -0.001057470755182516 -0.006055285212381475
    endloop
endfacet
facet normal 0 0 0
    outer loop
        vertex 0.0235806129039118 0.025453169693483334 -0.00521963291805859
        vertex 0.0 0.0 0.0
        vertex 0.026355090426223683 0.0004839416045364275 0.01991599849570032
    endloop
endfacet
facet normal 0 0 0
    outer loop
        vertex 0.0 0.0 0.0
        vertex 0.0219440547450888 -0.001057470755182516 -0.006055285212381475
        vertex 0.026355090426223683 0.0004839416045364275 0.01991599849570032
    endloop
endfacet
facet normal 0 0 0
    outer loop
        vertex 0.0 0.0 0.0
        vertex 0.0 0.0 0.025
        vertex 0.0 0.025 0.025
    endloop
endfacet
facet normal 0 0 0
    outer loop
        vertex 0.0 0.0 0.025
        vertex 0.026355090426223683 0.0004839416045364275 0.01991599849570032
        vertex 0.0 0.025 0.025
    endloop
endfacet
facet normal 0 0 0
    outer loop
        vertex 0.0 0.0 0.025
        vertex 0.0 0.0 0.0
        vertex 0.026355090426223683 0.0004839416045364275 0.01991599849570032
    endloop
endfacet
facet normal 0 0 0
    outer loop
        vertex 0.0 0.0 0.0
        vertex 0.0 0.025 0.025
        vertex 0.026355090426223683 0.0004839416045364275 0.01991599849570032
    endloop
endfacet
facet normal 0 0 0
    outer loop
        vertex 0.0 0.0 0.0
        vertex 0.0235806129039118 0.025453169693483334 -0.00521963291805859
        vertex 0.026355090426223683 0.0004839416045364275 0.01991599849570032
    endloop
endfacet
facet normal 0 0 0
    outer loop
        vertex 0.0235806129039118 0.025453169693483334 -0.00521963291805859
        vertex 0.0 0.025 0.025
        vertex 0.026355090426223683 0.0004839416045364275 0.01991599849570032
    endloop
endfacet
facet normal 0 0 0
    outer loop
        vertex 0.0235806129039118 0.025453169693483334 -0.00521963291805859
        vertex 0.0 0.0 0.0
        vertex 0.0 0.025 0.025
    endloop
endfacet
facet normal 0 0 0
    outer loop
        vertex 0.0 0.0 0.0
        vertex 0.026355090426223683 0.0004839416045364275 0.01991599849570032
        vertex 0.0 0.025 0.025
    endloop
endfacet
facet normal 0 0 0
    outer loop
        vertex 0.0235806129039118 0.025453169693483334 -0.00521963291805859
        vertex 0.0279367933970371 0.0237394646915005 0.019240860214745137
        vertex 0.026355090426223683 0.0004839416045364275 0.01991599849570032
    endloop
endfacet
facet normal 0 0 0
    outer loop
        vertex 0.0279367933970371 0.0237394646915005 0.019240860214745137
        vertex 0.0 0.025 0.025
        vertex 0.026355090426223683 0.0004839416045364275 0.01991599849570032
    endloop
endfacet
facet normal 0 0 0
    outer loop
        vertex 0.0279367933970371 0.0237394646915005 0.019240860214745137
        vertex 0.0235806129039118 0.025453169693483334 -0.00521963291805859
        vertex 0.0 0.025 0.025
    endloop
endfacet
facet normal 0 0 0
    outer loop
        vertex 0.0235806129039118 0.025453169693483334 -0.00521963291805859
        vertex 0.026355090426223683 0.0004839416045364275 0.01991599849570032
        vertex 0.0 0.025 0.025
    endloop
endfacet
facet normal 0 0 0
    outer loop
        vertex 0.0 0.0 0.0
        vertex 0.0 0.025 0.025
        vertex 0.0 0.025 0.0
    endloop
endfacet
facet normal 0 0 0
    outer loop
        vertex 0.0 0.025 0.025
        vertex 0.0235806129039118 0.025453169693483334 -0.00521963291805859
        vertex 0.0 0.025 0.0
    endloop
endfacet
facet normal 0 0 0
    outer loop
        vertex 0.0 0.025 0.025
        vertex 0.0 0.0 0.0
        vertex 0.0235806129039118 0.025453169693483334 -0.00521963291805859
    endloop
endfacet
facet normal 0 0 0
    outer loop
        vertex 0.0 0.0 0.0
        vertex 0.0 0.025 0.0
        vertex 0.0235806129039118 0.025453169693483334 -0.00521963291805859
    endloop
endfacet
facet normal 0 0 0
    outer loop
        vertex 0.0219440547450888 -0.001057470755182516 -0.006055285212381475
        vertex 0.04714516677410379 0.023519747705050234 -0.013490056961819995
        vertex 0.04567253113450956 -0.001921027170019388 -0.01418843077548834
    endloop
endfacet
facet normal 0 0 0
    outer loop
        vertex 0.04714516677410379 0.023519747705050234 -0.013490056961819995
        vertex 0.05259642224832715 -0.0016039788682608675 0.01148173614051074
        vertex 0.04567253113450956 -0.001921027170019388 -0.01418843077548834
    endloop
endfacet
facet normal 0 0 0
    outer loop
        vertex 0.04714516677410379 0.023519747705050234 -0.013490056961819995
        vertex 0.0219440547450888 -0.001057470755182516 -0.006055285212381475
        vertex 0.05259642224832715 -0.0016039788682608675 0.01148173614051074
    endloop
endfacet
facet normal 0 0 0
    outer loop
        vertex 0.0219440547450888 -0.001057470755182516 -0.006055285212381475
        vertex 0.04567253113450956 -0.001921027170019388 -0.01418843077548834
        vertex 0.05259642224832715 -0.0016039788682608675 0.01148173614051074
    endloop
endfacet
facet normal 0 0 0
    outer loop
        vertex 0.0219440547450888 -0.001057470755182516 -0.006055285212381475
        vertex 0.026355090426223683 0.0004839416045364275 0.01991599849570032
        vertex 0.0279367933970371 0.0237394646915005 0.019240860214745137
    endloop
endfacet
facet normal 0 0 0
    outer loop
        vertex 0.026355090426223683 0.0004839416045364275 0.01991599849570032
        vertex 0.05259642224832715 -0.0016039788682608675 0.01148173614051074
        vertex 0.0279367933970371 0.0237394646915005 0.019240860214745137
    endloop
endfacet
facet normal 0 0 0
    outer loop
        vertex 0.026355090426223683 0.0004839416045364275 0.01991599849570032
        vertex 0.0219440547450888 -0.001057470755182516 -0.006055285212381475
        vertex 0.05259642224832715 -0.0016039788682608675 0.01148173614051074
    endloop
endfacet
facet normal 0 0 0
    outer loop
        vertex 0.0219440547450888 -0.001057470755182516 -0.006055285212381475
        vertex 0.0279367933970371 0.0237394646915005 0.019240860214745137
        vertex 0.05259642224832715 -0.0016039788682608675 0.01148173614051074
    endloop
endfacet
facet normal 0 0 0
    outer loop
        vertex 0.0219440547450888 -0.001057470755182516 -0.006055285212381475
        vertex 0.04714516677410379 0.023519747705050234 -0.013490056961819995
        vertex 0.05259642224832715 -0.0016039788682608675 0.01148173614051074
    endloop
endfacet
facet normal 0 0 0
    outer loop
        vertex 0.04714516677410379 0.023519747705050234 -0.013490056961819995
        vertex 0.0279367933970371 0.0237394646915005 0.019240860214745137
        vertex 0.05259642224832715 -0.0016039788682608675 0.01148173614051074
    endloop
endfacet
facet normal 0 0 0
    outer loop
        vertex 0.04714516677410379 0.023519747705050234 -0.013490056961819995
        vertex 0.0219440547450888 -0.001057470755182516 -0.006055285212381475
        vertex 0.0279367933970371 0.0237394646915005 0.019240860214745137
    endloop
endfacet
facet normal 0 0 0
    outer loop
        vertex 0.0219440547450888 -0.001057470755182516 -0.006055285212381475
        vertex 0.05259642224832715 -0.0016039788682608675 0.01148173614051074
        vertex 0.0279367933970371 0.0237394646915005 0.019240860214745137
    endloop
endfacet
facet normal 0 0 0
    outer loop
        vertex 0.04714516677410379 0.023519747705050234 -0.013490056961819995
        vertex 0.05406009043376136 0.0226945404474848 0.011302563036134507
        vertex 0.05259642224832715 -0.0016039788682608675 0.01148173614051074
    endloop
endfacet
facet normal 0 0 0
    outer loop
        vertex 0.05406009043376136 0.0226945404474848 0.011302563036134507
        vertex 0.0279367933970371 0.0237394646915005 0.019240860214745137
        vertex 0.05259642224832715 -0.0016039788682608675 0.01148173614051074
    endloop
endfacet
facet normal 0 0 0
    outer loop
        vertex 0.05406009043376136 0.0226945404474848 0.011302563036134507
        vertex 0.04714516677410379 0.023519747705050234 -0.013490056961819995
        vertex 0.0279367933970371 0.0237394646915005 0.019240860214745137
    endloop
endfacet
facet normal 0 0 0
    outer loop
        vertex 0.04714516677410379 0.023519747705050234 -0.013490056961819995
        vertex 0.05259642224832715 -0.0016039788682608675 0.01148173614051074
        vertex 0.0279367933970371 0.0237394646915005 0.019240860214745137
    endloop
endfacet
facet normal 0 0 0
    outer loop
        vertex 0.0219440547450888 -0.001057470755182516 -0.006055285212381475
        vertex 0.0279367933970371 0.0237394646915005 0.019240860214745137
        vertex 0.0235806129039118 0.025453169693483334 -0.00521963291805859
    endloop
endfacet
facet normal 0 0 0
    outer loop
        vertex 0.0279367933970371 0.0237394646915005 0.019240860214745137
        vertex 0.04714516677410379 0.023519747705050234 -0.013490056961819995
        vertex 0.0235806129039118 0.025453169693483334 -0.00521963291805859
    endloop
endfacet
facet normal 0 0 0
    outer loop
        vertex 0.0279367933970371 0.0237394646915005 0.019240860214745137
        vertex 0.0219440547450888 -0.001057470755182516 -0.006055285212381475
        vertex 0.04714516677410379 0.023519747705050234 -0.013490056961819995
    endloop
endfacet
facet normal 0 0 0
    outer loop
        vertex 0.0219440547450888 -0.001057470755182516 -0.006055285212381475
        vertex 0.0235806129039118 0.025453169693483334 -0.00521963291805859
        vertex 0.04714516677410379 0.023519747705050234 -0.013490056961819995
    endloop
endfacet
facet normal 0 0 0
    outer loop
        vertex 0.04567253113450956 -0.001921027170019388 -0.01418843077548834
        vertex 0.07175593353214017 0.021828330463075092 -0.02201464624402419
        vertex 0.07017046199084766 -0.0029778026533266552 -0.022892272159777422
    endloop
endfacet
facet normal 0 0 0
    outer loop
        vertex 0.07175593353214017 0.021828330463075092 -0.02201464624402419
        vertex 0.07780578712332367 -0.0034033168426360703 0.0028552547010812362
        vertex 0.07017046199084766 -0.0029778026533266552 -0.022892272159777422
    endloop
endfacet
facet normal 0 0 0
    outer loop
        vertex 0.07175593353214017 0.021828330463075092 -0.02201464624402419
        vertex 0.04567253113450956 -0.001921027170019388 -0.01418843077548834
        vertex 0.07780578712332367 -0.0034033168426360703 0.0028552547010812362
    endloop
endfacet
facet normal 0 0 0
    outer loop
        vertex 0.04567253113450956 -0.001921027170019388 -0.01418843077548834
        vertex 0.07017046199084766 -0.0029778026533266552 -0.022892272159777422
        vertex 0.07780578712332367 -0.0034033168426360703 0.0028552547010812362
    endloop
endfacet
facet normal 0 0 0
    outer loop
        vertex 0.04567253113450956 -0.001921027170019388 -0.01418843077548834
        vertex 0.05259642224832715 -0.0016039788682608675 0.01148173614051074
        vertex 0.05406009043376136 0.0226945404474848 0.011302563036134507
    endloop
endfacet
facet normal 0 0 0
    outer loop
        vertex 0.05259642224832715 -0.0016039788682608675 0.01148173614051074
        vertex 0.07780578712332367 -0.0034033168426360703 0.0028552547010812362
        vertex 0.05406009043376136 0.0226945404474848 0.011302563036134507
    endloop
endfacet
facet normal 0 0 0
    outer loop
        vertex 0.05259642224832715 -0.0016039788682608675 0.01148173614051074
        vertex 0.04567253113450956 -0.001921027170019388 -0.01418843077548834
        vertex 0.07780578712332367 -0.0034033168426360703 0.0028552547010812362
    endloop
endfacet
facet normal 0 0 0
    outer loop
        vertex 0.04567253113450956 -0.001921027170019388 -0.01418843077548834
        vertex 0.05406009043376136 0.0226945404474848 0.011302563036134507
        vertex 0.07780578712332367 -0.0034033168426360703 0.0028552547010812362
    endloop
endfacet
facet normal 0 0 0
    outer loop
        vertex 0.04567253113450956 -0.001921027170019388 -0.01418843077548834
        vertex 0.07175593353214017 0.021828330463075092 -0.02201464624402419
        vertex 0.07780578712332367 -0.0034033168426360703 0.0028552547010812362
    endloop
endfacet
facet normal 0 0 0
    outer loop
        vertex 0.07175593353214017 0.021828330463075092 -0.02201464624402419
        vertex 0.05406009043376136 0.0226945404474848 0.011302563036134507
        vertex 0.07780578712332367 -0.0034033168426360703 0.0028552547010812362
    endloop
endfacet
facet normal 0 0 0
    outer loop
        vertex 0.07175593353214017 0.021828330463075092 -0.02201464624402419
        vertex 0.04567253113450956 -0.001921027170019388 -0.01418843077548834
        vertex 0.05406009043376136 0.0226945404474848 0.011302563036134507
    endloop
endfacet
facet normal 0 0 0
    outer loop
        vertex 0.04567253113450956 -0.001921027170019388 -0.01418843077548834
        vertex 0.07780578712332367 -0.0034033168426360703 0.0028552547010812362
        vertex 0.05406009043376136 0.0226945404474848 0.011302563036134507
    endloop
endfacet
facet normal 0 0 0
    outer loop
        vertex 0.07175593353214017 0.021828330463075092 -0.02201464624402419
        vertex 0.07915205931050612 0.021384817244742352 0.0031633207128278114
        vertex 0.07780578712332367 -0.0034033168426360703 0.0028552547010812362
    endloop
endfacet
facet normal 0 0 0
    outer loop
        vertex 0.07915205931050612 0.021384817244742352 0.0031633207128278114
        vertex 0.05406009043376136 0.0226945404474848 0.011302563036134507
        vertex 0.07780578712332367 -0.0034033168426360703 0.0028552547010812362
    endloop
endfacet
facet normal 0 0 0
    outer loop
        vertex 0.07915205931050612 0.021384817244742352 0.0031633207128278114
        vertex 0.07175593353214017 0.021828330463075092 -0.02201464624402419
        vertex 0.05406009043376136 0.0226945404474848 0.011302563036134507
    endloop
endfacet
facet normal 0 0 0
    outer loop
        vertex 0.07175593353214017 0.021828330463075092 -0.02201464624402419
        vertex 0.07780578712332367 -0.0034033168426360703 0.0028552547010812362
        vertex 0.05406009043376136 0.0226945404474848 0.011302563036134507
    endloop
endfacet
facet normal 0 0 0
    outer loop
        vertex 0.04567253113450956 -0.001921027170019388 -0.01418843077548834
        vertex 0.05406009043376136 0.0226945404474848 0.011302563036134507
        vertex 0.04714516677410379 0.023519747705050234 -0.013490056961819995
    endloop
endfacet
facet normal 0 0 0
    outer loop
        vertex 0.05406009043376136 0.0226945404474848 0.011302563036134507
        vertex 0.07175593353214017 0.021828330463075092 -0.02201464624402419
        vertex 0.04714516677410379 0.023519747705050234 -0.013490056961819995
    endloop
endfacet
facet normal 0 0 0
    outer loop
        vertex 0.05406009043376136 0.0226945404474848 0.011302563036134507
        vertex 0.04567253113450956 -0.001921027170019388 -0.01418843077548834
        vertex 0.07175593353214017 0.021828330463075092 -0.02201464624402419
    endloop
endfacet
facet normal 0 0 0
    outer loop
        vertex 0.04567253113450956 -0.001921027170019388 -0.01418843077548834
        vertex 0.04714516677410379 0.023519747705050234 -0.013490056961819995
        vertex 0.07175593353214017 0.021828330463075092 -0.02201464624402419
    endloop
endfacet
endsolid